0set of coordinates
[0.9129549659503706;
 0.9923942382413341;
 1.08704503404963], [0.9053492041917046;
 1.166484306340593;
 -0.9053492041917047], [1.087045034049629;
 -0.9923942382413341;
 0.9129549659503706], [1.079439272290964;
 -0.8183041701420751;
 -1.079439272290964], [-1.079439272290964;
 0.8183041701420751;
 1.079439272290964], [-1.087045034049629;
 0.9923942382413341;
 -0.9129549659503706], [-0.9053492041917046;
 -1.166484306340593;
 0.9053492041917047], [-0.9129549659503706;
 -0.9923942382413341;
 -1.08704503404963], 
1set of coordinates
[0.827234019483254;
 0.9696926481891954;
 1.172765980516746], [0.7969266676724495;
 1.315224609222687;
 -0.7969266676724496], [1.172765980516746;
 -0.9696926481891955;
 0.827234019483254], [1.142458628705942;
 -0.6241606871557034;
 -1.142458628705942], [-1.142458628705942;
 0.6241606871557034;
 1.142458628705942], [-1.172765980516746;
 0.9696926481891955;
 -0.827234019483254], [-0.7969266676724495;
 -1.315224609222687;
 0.7969266676724496], [-0.827234019483254;
 -0.9696926481891954;
 -1.172765980516746], 
2set of coordinates
[0.7441411067917629;
 0.932240555614543;
 1.255858893208237], [0.6763816624063059;
 1.443958342031017;
 -0.676381662406306], [1.255858893208237;
 -0.9322405556145432;
 0.7441411067917629], [1.18809944882278;
 -0.4205227691980686;
 -1.18809944882278], [-1.18809944882278;
 0.4205227691980686;
 1.18809944882278], [-1.255858893208237;
 0.9322405556145432;
 -0.7441411067917629], [-0.6763816624063059;
 -1.443958342031017;
 0.676381662406306], [-0.7441411067917629;
 -0.932240555614543;
 -1.255858893208237], 
3set of coordinates
[0.6649401976714273;
 0.8806076639043494;
 1.335059802328573], [0.5455478615757767;
 1.550727268561495;
 -0.5455478615757769], [1.335059802328573;
 -0.8806076639043496;
 0.6649401976714273], [1.215667466232922;
 -0.2104880592472039;
 -1.215667466232922], [-1.215667466232922;
 0.2104880592472039;
 1.215667466232922], [-1.335059802328573;
 0.8806076639043496;
 -0.6649401976714273], [-0.5455478615757767;
 -1.550727268561495;
 0.5455478615757769], [-0.6649401976714273;
 -0.8806076639043494;
 -1.335059802328573], 




















































































































































































































































































































































































































































































































































































































